x: 35.715298
y: 51.404343